-0.753 -2.476
1.573 -0.723
2.122 -0.309
0.47 -1.554
-0.323 -2.152
0.551 -1.493
1.006 -1.15
0.863 -1.258
-1.669 -3.167
0.034 -1.883
-1.397 -2.962
-0.672 -2.415
0.153 -1.793
0.549 -1.495
-0.092 -1.978
0.089 -1.841
0.799 -1.306
1.861 -0.505
1.091 -1.086
-0.852 -2.551
0.949 -1.193
0.992 -1.161
-0.767 -2.487
-1.519 -3.054
-1.196 -2.81
-0.693 -2.431
-0.867 -2.562
-1.018 -2.677
1.6 -0.702
-1.733 -3.216
-0.906 -2.592
-0.483 -2.273
-0.241 -2.09
0.577 -1.474
1.391 -0.86
0.625 -1.437
0.908 -1.224
0.115 -1.822
-0.085 -1.973
0.352 -1.643
-2.226 -3.587
-1.153 -2.778
-1.429 -2.986
-0.957 -2.63
-0.09 -1.976
-0.964 -2.635
0.232 -1.733
-1.032 -2.687
0.123 -1.816
-1.261 -2.86
